{
    "form_0": {
        "num_coefficients": 0, 
        "has_cell_integrals": 1, 
        "has_exterior_facet_integrals": 0, 
        "has_interior_facet_integrals": 1, 
        "has_point_integrals": 0, 
        "num_cell_domains": 0, 
        "num_exterior_facet_domains": 0, 
        "num_interior_facet_domains": 0, 
        "num_point_domains": 0, 
        "finite_element_0": {
            "cell_shape": 1, 
            "space_dimension": 3, 
            "value_rank": 0, 
            "evaluate_basis:_0": [1.4718852622922429e+00], 
            "evaluate_basis:_1": [2.0266705413493233e+00], 
            "evaluate_basis:_2": [-2.4985557203629258e+00], 
            "evaluate_basis_all": [1.4718852622922429e+00, 2.0266705413493233e+00, -2.4985557203629258e+00], 
            "evaluate_basis_derivatives_0_0": [1.4718852622922429e+00], 
            "evaluate_basis_derivatives_0_1": [8.5585277568607676e-02, -2.2787085025842555e+00], 
            "evaluate_basis_derivatives_0_2": [0.0, 0.0, 0.0, 0.0], 
            "evaluate_basis_derivatives_1_0": [2.0266705413493233e+00], 
            "evaluate_basis_derivatives_1_1": [-2.3642938479375970e+00, 4.4932274890774304e-01], 
            "evaluate_basis_derivatives_1_2": [0.0, 0.0, 0.0, 0.0], 
            "evaluate_basis_derivatives_2_0": [-2.4985557203629258e+00], 
            "evaluate_basis_derivatives_2_1": [2.2787085020077340e+00, 1.8293856987949413e+00], 
            "evaluate_basis_derivatives_2_2": [0.0, 0.0, 0.0, 0.0], 
            "evaluate_basis_derivatives_all_0": [1.4718852622922429e+00, 2.0266705413493233e+00, -2.4985557203629258e+00], 
            "evaluate_basis_derivatives_all_1": [8.5585277568607676e-02, -2.2787085025842555e+00, -2.3642938479375970e+00, 4.4932274890774304e-01, 2.2787085020077340e+00, 1.8293856987949413e+00], 
            "evaluate_basis_derivatives_all_2": [0.0, 0.0, 0.0, 0.0, 0.0, 0.0, 0.0, 0.0, 0.0, 0.0, 0.0, 0.0], 
            "evaluate_dof_0": 3.0792300000000006e-01, 
            "evaluate_dof_1": 4.3028700000000003e-01, 
            "evaluate_dof_2": 7.7282099999999998e-01, 
            "evaluate_dofs": [3.0792300000000006e-01, 4.3028700000000003e-01, 7.7282099999999998e-01], 
            "interpolate_vertex_values": [3.0792300000000006e-01, 4.3028700000000003e-01, 7.7282099999999998e-01], 
            "num_sub_elements": 0, 
        },
        "finite_element_1": {
            "cell_shape": 1, 
            "space_dimension": 3, 
            "value_rank": 0, 
            "evaluate_basis:_0": [1.4718852622922429e+00], 
            "evaluate_basis:_1": [2.0266705413493233e+00], 
            "evaluate_basis:_2": [-2.4985557203629258e+00], 
            "evaluate_basis_all": [1.4718852622922429e+00, 2.0266705413493233e+00, -2.4985557203629258e+00], 
            "evaluate_basis_derivatives_0_0": [1.4718852622922429e+00], 
            "evaluate_basis_derivatives_0_1": [8.5585277568607676e-02, -2.2787085025842555e+00], 
            "evaluate_basis_derivatives_0_2": [0.0, 0.0, 0.0, 0.0], 
            "evaluate_basis_derivatives_1_0": [2.0266705413493233e+00], 
            "evaluate_basis_derivatives_1_1": [-2.3642938479375970e+00, 4.4932274890774304e-01], 
            "evaluate_basis_derivatives_1_2": [0.0, 0.0, 0.0, 0.0], 
            "evaluate_basis_derivatives_2_0": [-2.4985557203629258e+00], 
            "evaluate_basis_derivatives_2_1": [2.2787085020077340e+00, 1.8293856987949413e+00], 
            "evaluate_basis_derivatives_2_2": [0.0, 0.0, 0.0, 0.0], 
            "evaluate_basis_derivatives_all_0": [1.4718852622922429e+00, 2.0266705413493233e+00, -2.4985557203629258e+00], 
            "evaluate_basis_derivatives_all_1": [8.5585277568607676e-02, -2.2787085025842555e+00, -2.3642938479375970e+00, 4.4932274890774304e-01, 2.2787085020077340e+00, 1.8293856987949413e+00], 
            "evaluate_basis_derivatives_all_2": [0.0, 0.0, 0.0, 0.0, 0.0, 0.0, 0.0, 0.0, 0.0, 0.0, 0.0, 0.0], 
            "evaluate_dof_0": 3.0792300000000006e-01, 
            "evaluate_dof_1": 4.3028700000000003e-01, 
            "evaluate_dof_2": 7.7282099999999998e-01, 
            "evaluate_dofs": [3.0792300000000006e-01, 4.3028700000000003e-01, 7.7282099999999998e-01], 
            "interpolate_vertex_values": [3.0792300000000006e-01, 4.3028700000000003e-01, 7.7282099999999998e-01], 
            "num_sub_elements": 0, 
        },
        "dofmap_0": {
            "needs_mesh_entities_0": 0, 
            "needs_mesh_entities_1": 0, 
            "needs_mesh_entities_2": 1, 
            "global_dimension": 30009, 
            "local_dimension": 3, 
            "geometric_dimension": 2, 
            "num_facet_dofs": 0, 
            "num_entity_dofs_0": 0, 
            "num_entity_dofs_1": 0, 
            "num_entity_dofs_2": 3, 
            "tabulate_dofs": [0, 1, 2], 
            "tabulate_facet_dofs_0": [], 
            "tabulate_facet_dofs_1": [], 
            "tabulate_facet_dofs_2": [], 
            "tabulate_entity_dofs_0_0": [], 
            "tabulate_entity_dofs_0_1": [], 
            "tabulate_entity_dofs_0_2": [], 
            "tabulate_entity_dofs_1_0": [], 
            "tabulate_entity_dofs_1_1": [], 
            "tabulate_entity_dofs_1_2": [], 
            "tabulate_entity_dofs_2_0": [0, 1, 2], 
            "tabulate_coordinates_0": [9.0300000000000002e-01, 3.4100000000000003e-01], 
            "tabulate_coordinates_1": [5.6100000000000005e-01, 7.6700000000000002e-01], 
            "tabulate_coordinates_2": [9.8699999999999999e-01, 7.8300000000000003e-01], 
            "num_sub_dofmaps": 0, 
        },
        "dofmap_1": {
            "needs_mesh_entities_0": 0, 
            "needs_mesh_entities_1": 0, 
            "needs_mesh_entities_2": 1, 
            "global_dimension": 30009, 
            "local_dimension": 3, 
            "geometric_dimension": 2, 
            "num_facet_dofs": 0, 
            "num_entity_dofs_0": 0, 
            "num_entity_dofs_1": 0, 
            "num_entity_dofs_2": 3, 
            "tabulate_dofs": [0, 1, 2], 
            "tabulate_facet_dofs_0": [], 
            "tabulate_facet_dofs_1": [], 
            "tabulate_facet_dofs_2": [], 
            "tabulate_entity_dofs_0_0": [], 
            "tabulate_entity_dofs_0_1": [], 
            "tabulate_entity_dofs_0_2": [], 
            "tabulate_entity_dofs_1_0": [], 
            "tabulate_entity_dofs_1_1": [], 
            "tabulate_entity_dofs_1_2": [], 
            "tabulate_entity_dofs_2_0": [0, 1, 2], 
            "tabulate_coordinates_0": [9.0300000000000002e-01, 3.4100000000000003e-01], 
            "tabulate_coordinates_1": [5.6100000000000005e-01, 7.6700000000000002e-01], 
            "tabulate_coordinates_2": [9.8699999999999999e-01, 7.8300000000000003e-01], 
            "num_sub_dofmaps": 0, 
        },
        "default_cell_integral": 1, 
        "cell_integral": {
            "tabulate_tensor": [4.8604959667929037e-01, -1.1462010826539998e-01, -3.7142948841389040e-01, -1.1462010826539998e-01, 5.4138049083167528e-01, -4.2676038256627530e-01, -3.7142948841389040e-01, -4.2676038256627530e-01, 7.9818987098016569e-01], 
        },
        "default_exterior_facet_integral": 0, 
        "default_interior_facet_integral": 1, 
        "interior_facet_integral": {
            "tabulate_tensor_0_0": [-5.5417313849007166e-01, 1.3068498681096619e-01, 4.2348815167910547e-01, -5.5417313849007166e-01, 1.3068498681096619e-01, 4.2348815167910547e-01, 1.3068498681096619e-01, -6.1725907761517163e-01, 4.8657409080420544e-01, 1.3068498681096619e-01, -6.1725907761517163e-01, 4.8657409080420544e-01, 4.2348815167910547e-01, 4.8657409080420544e-01, -9.1006224248331091e-01, 4.2348815167910547e-01, 4.8657409080420544e-01, -9.1006224248331091e-01, -5.5417313849007166e-01, 1.3068498681096619e-01, 4.2348815167910547e-01, -5.5417313849007166e-01, 1.3068498681096619e-01, 4.2348815167910547e-01, 1.3068498681096619e-01, -6.1725907761517163e-01, 4.8657409080420544e-01, 1.3068498681096619e-01, -6.1725907761517163e-01, 4.8657409080420544e-01, 4.2348815167910547e-01, 4.8657409080420544e-01, -9.1006224248331091e-01, 4.2348815167910547e-01, 4.8657409080420544e-01, -9.1006224248331091e-01], 
            "tabulate_tensor_0_1": [-5.5417313849007166e-01, 1.3068498681096619e-01, 4.2348815167910547e-01, -5.5417313849007166e-01, 1.3068498681096619e-01, 4.2348815167910547e-01, 1.3068498681096619e-01, -6.1725907761517163e-01, 4.8657409080420544e-01, 1.3068498681096619e-01, -6.1725907761517163e-01, 4.8657409080420544e-01, 4.2348815167910547e-01, 4.8657409080420544e-01, -9.1006224248331091e-01, 4.2348815167910547e-01, 4.8657409080420544e-01, -9.1006224248331091e-01, -5.5417313849007166e-01, 1.3068498681096619e-01, 4.2348815167910547e-01, -5.5417313849007166e-01, 1.3068498681096619e-01, 4.2348815167910547e-01, 1.3068498681096619e-01, -6.1725907761517163e-01, 4.8657409080420544e-01, 1.3068498681096619e-01, -6.1725907761517163e-01, 4.8657409080420544e-01, 4.2348815167910547e-01, 4.8657409080420544e-01, -9.1006224248331091e-01, 4.2348815167910547e-01, 4.8657409080420544e-01, -9.1006224248331091e-01], 
            "tabulate_tensor_0_2": [-5.5417313849007166e-01, 1.3068498681096619e-01, 4.2348815167910547e-01, -5.5417313849007166e-01, 1.3068498681096619e-01, 4.2348815167910547e-01, 1.3068498681096619e-01, -6.1725907761517163e-01, 4.8657409080420544e-01, 1.3068498681096619e-01, -6.1725907761517163e-01, 4.8657409080420544e-01, 4.2348815167910547e-01, 4.8657409080420544e-01, -9.1006224248331091e-01, 4.2348815167910547e-01, 4.8657409080420544e-01, -9.1006224248331091e-01, -5.5417313849007166e-01, 1.3068498681096619e-01, 4.2348815167910547e-01, -5.5417313849007166e-01, 1.3068498681096619e-01, 4.2348815167910547e-01, 1.3068498681096619e-01, -6.1725907761517163e-01, 4.8657409080420544e-01, 1.3068498681096619e-01, -6.1725907761517163e-01, 4.8657409080420544e-01, 4.2348815167910547e-01, 4.8657409080420544e-01, -9.1006224248331091e-01, 4.2348815167910547e-01, 4.8657409080420544e-01, -9.1006224248331091e-01], 
            "tabulate_tensor_1_0": [-5.8486613879031035e-01, 1.3792300334557228e-01, 4.4694313544473807e-01, -5.8486613879031035e-01, 1.3792300334557228e-01, 4.4694313544473807e-01, 1.3792300334557228e-01, -6.5144610643108891e-01, 5.1352310308551663e-01, 1.3792300334557228e-01, -6.5144610643108891e-01, 5.1352310308551663e-01, 4.4694313544473807e-01, 5.1352310308551663e-01, -9.6046623853025470e-01, 4.4694313544473807e-01, 5.1352310308551663e-01, -9.6046623853025470e-01, -5.8486613879031035e-01, 1.3792300334557228e-01, 4.4694313544473807e-01, -5.8486613879031035e-01, 1.3792300334557228e-01, 4.4694313544473807e-01, 1.3792300334557228e-01, -6.5144610643108891e-01, 5.1352310308551663e-01, 1.3792300334557228e-01, -6.5144610643108891e-01, 5.1352310308551663e-01, 4.4694313544473807e-01, 5.1352310308551663e-01, -9.6046623853025470e-01, 4.4694313544473807e-01, 5.1352310308551663e-01, -9.6046623853025470e-01], 
            "tabulate_tensor_1_1": [-5.8486613879031035e-01, 1.3792300334557228e-01, 4.4694313544473807e-01, -5.8486613879031035e-01, 1.3792300334557228e-01, 4.4694313544473807e-01, 1.3792300334557228e-01, -6.5144610643108891e-01, 5.1352310308551663e-01, 1.3792300334557228e-01, -6.5144610643108891e-01, 5.1352310308551663e-01, 4.4694313544473807e-01, 5.1352310308551663e-01, -9.6046623853025470e-01, 4.4694313544473807e-01, 5.1352310308551663e-01, -9.6046623853025470e-01, -5.8486613879031035e-01, 1.3792300334557228e-01, 4.4694313544473807e-01, -5.8486613879031035e-01, 1.3792300334557228e-01, 4.4694313544473807e-01, 1.3792300334557228e-01, -6.5144610643108891e-01, 5.1352310308551663e-01, 1.3792300334557228e-01, -6.5144610643108891e-01, 5.1352310308551663e-01, 4.4694313544473807e-01, 5.1352310308551663e-01, -9.6046623853025470e-01, 4.4694313544473807e-01, 5.1352310308551663e-01, -9.6046623853025470e-01], 
            "tabulate_tensor_1_2": [-5.8486613879031035e-01, 1.3792300334557228e-01, 4.4694313544473807e-01, -5.8486613879031035e-01, 1.3792300334557228e-01, 4.4694313544473807e-01, 1.3792300334557228e-01, -6.5144610643108891e-01, 5.1352310308551663e-01, 1.3792300334557228e-01, -6.5144610643108891e-01, 5.1352310308551663e-01, 4.4694313544473807e-01, 5.1352310308551663e-01, -9.6046623853025470e-01, 4.4694313544473807e-01, 5.1352310308551663e-01, -9.6046623853025470e-01, -5.8486613879031035e-01, 1.3792300334557228e-01, 4.4694313544473807e-01, -5.8486613879031035e-01, 1.3792300334557228e-01, 4.4694313544473807e-01, 1.3792300334557228e-01, -6.5144610643108891e-01, 5.1352310308551663e-01, 1.3792300334557228e-01, -6.5144610643108891e-01, 5.1352310308551663e-01, 4.4694313544473807e-01, 5.1352310308551663e-01, -9.6046623853025470e-01, 4.4694313544473807e-01, 5.1352310308551663e-01, -9.6046623853025470e-01], 
            "tabulate_tensor_2_0": [-7.1016339608451307e-01, 1.6747057481675154e-01, 5.4269282126776153e-01, -7.1016339608451307e-01, 1.6747057481675154e-01, 5.4269282126776153e-01, 1.6747057481675154e-01, -7.9100694778810121e-01, 6.2353637297134967e-01, 1.6747057481675154e-01, -7.9100694778810121e-01, 6.2353637297134967e-01, 5.4269282126776153e-01, 6.2353637297134967e-01, -1.1662291942391112e+00, 5.4269282126776153e-01, 6.2353637297134967e-01, -1.1662291942391112e+00, -7.1016339608451307e-01, 1.6747057481675154e-01, 5.4269282126776153e-01, -7.1016339608451307e-01, 1.6747057481675154e-01, 5.4269282126776153e-01, 1.6747057481675154e-01, -7.9100694778810121e-01, 6.2353637297134967e-01, 1.6747057481675154e-01, -7.9100694778810121e-01, 6.2353637297134967e-01, 5.4269282126776153e-01, 6.2353637297134967e-01, -1.1662291942391112e+00, 5.4269282126776153e-01, 6.2353637297134967e-01, -1.1662291942391112e+00], 
            "tabulate_tensor_2_1": [-7.1016339608451307e-01, 1.6747057481675154e-01, 5.4269282126776153e-01, -7.1016339608451307e-01, 1.6747057481675154e-01, 5.4269282126776153e-01, 1.6747057481675154e-01, -7.9100694778810121e-01, 6.2353637297134967e-01, 1.6747057481675154e-01, -7.9100694778810121e-01, 6.2353637297134967e-01, 5.4269282126776153e-01, 6.2353637297134967e-01, -1.1662291942391112e+00, 5.4269282126776153e-01, 6.2353637297134967e-01, -1.1662291942391112e+00, -7.1016339608451307e-01, 1.6747057481675154e-01, 5.4269282126776153e-01, -7.1016339608451307e-01, 1.6747057481675154e-01, 5.4269282126776153e-01, 1.6747057481675154e-01, -7.9100694778810121e-01, 6.2353637297134967e-01, 1.6747057481675154e-01, -7.9100694778810121e-01, 6.2353637297134967e-01, 5.4269282126776153e-01, 6.2353637297134967e-01, -1.1662291942391112e+00, 5.4269282126776153e-01, 6.2353637297134967e-01, -1.1662291942391112e+00], 
            "tabulate_tensor_2_2": [-7.1016339608451307e-01, 1.6747057481675154e-01, 5.4269282126776153e-01, -7.1016339608451307e-01, 1.6747057481675154e-01, 5.4269282126776153e-01, 1.6747057481675154e-01, -7.9100694778810121e-01, 6.2353637297134967e-01, 1.6747057481675154e-01, -7.9100694778810121e-01, 6.2353637297134967e-01, 5.4269282126776153e-01, 6.2353637297134967e-01, -1.1662291942391112e+00, 5.4269282126776153e-01, 6.2353637297134967e-01, -1.1662291942391112e+00, -7.1016339608451307e-01, 1.6747057481675154e-01, 5.4269282126776153e-01, -7.1016339608451307e-01, 1.6747057481675154e-01, 5.4269282126776153e-01, 1.6747057481675154e-01, -7.9100694778810121e-01, 6.2353637297134967e-01, 1.6747057481675154e-01, -7.9100694778810121e-01, 6.2353637297134967e-01, 5.4269282126776153e-01, 6.2353637297134967e-01, -1.1662291942391112e+00, 5.4269282126776153e-01, 6.2353637297134967e-01, -1.1662291942391112e+00], 
        },
        "default_point_integral": 0, 
    },
    "form_1": {
        "num_coefficients": 1, 
        "has_cell_integrals": 1, 
        "has_exterior_facet_integrals": 0, 
        "has_interior_facet_integrals": 1, 
        "has_point_integrals": 0, 
        "num_cell_domains": 0, 
        "num_exterior_facet_domains": 0, 
        "num_interior_facet_domains": 0, 
        "num_point_domains": 0, 
        "finite_element_0": {
            "cell_shape": 1, 
            "space_dimension": 3, 
            "value_rank": 0, 
            "evaluate_basis:_0": [1.4718852622922429e+00], 
            "evaluate_basis:_1": [2.0266705413493233e+00], 
            "evaluate_basis:_2": [-2.4985557203629258e+00], 
            "evaluate_basis_all": [1.4718852622922429e+00, 2.0266705413493233e+00, -2.4985557203629258e+00], 
            "evaluate_basis_derivatives_0_0": [1.4718852622922429e+00], 
            "evaluate_basis_derivatives_0_1": [8.5585277568607676e-02, -2.2787085025842555e+00], 
            "evaluate_basis_derivatives_0_2": [0.0, 0.0, 0.0, 0.0], 
            "evaluate_basis_derivatives_1_0": [2.0266705413493233e+00], 
            "evaluate_basis_derivatives_1_1": [-2.3642938479375970e+00, 4.4932274890774304e-01], 
            "evaluate_basis_derivatives_1_2": [0.0, 0.0, 0.0, 0.0], 
            "evaluate_basis_derivatives_2_0": [-2.4985557203629258e+00], 
            "evaluate_basis_derivatives_2_1": [2.2787085020077340e+00, 1.8293856987949413e+00], 
            "evaluate_basis_derivatives_2_2": [0.0, 0.0, 0.0, 0.0], 
            "evaluate_basis_derivatives_all_0": [1.4718852622922429e+00, 2.0266705413493233e+00, -2.4985557203629258e+00], 
            "evaluate_basis_derivatives_all_1": [8.5585277568607676e-02, -2.2787085025842555e+00, -2.3642938479375970e+00, 4.4932274890774304e-01, 2.2787085020077340e+00, 1.8293856987949413e+00], 
            "evaluate_basis_derivatives_all_2": [0.0, 0.0, 0.0, 0.0, 0.0, 0.0, 0.0, 0.0, 0.0, 0.0, 0.0, 0.0], 
            "evaluate_dof_0": 3.0792300000000006e-01, 
            "evaluate_dof_1": 4.3028700000000003e-01, 
            "evaluate_dof_2": 7.7282099999999998e-01, 
            "evaluate_dofs": [3.0792300000000006e-01, 4.3028700000000003e-01, 7.7282099999999998e-01], 
            "interpolate_vertex_values": [3.0792300000000006e-01, 4.3028700000000003e-01, 7.7282099999999998e-01], 
            "num_sub_elements": 0, 
        },
        "finite_element_1": {
            "cell_shape": 1, 
            "space_dimension": 3, 
            "value_rank": 0, 
            "evaluate_basis:_0": [1.4718852622922429e+00], 
            "evaluate_basis:_1": [2.0266705413493233e+00], 
            "evaluate_basis:_2": [-2.4985557203629258e+00], 
            "evaluate_basis_all": [1.4718852622922429e+00, 2.0266705413493233e+00, -2.4985557203629258e+00], 
            "evaluate_basis_derivatives_0_0": [1.4718852622922429e+00], 
            "evaluate_basis_derivatives_0_1": [8.5585277568607676e-02, -2.2787085025842555e+00], 
            "evaluate_basis_derivatives_0_2": [0.0, 0.0, 0.0, 0.0], 
            "evaluate_basis_derivatives_1_0": [2.0266705413493233e+00], 
            "evaluate_basis_derivatives_1_1": [-2.3642938479375970e+00, 4.4932274890774304e-01], 
            "evaluate_basis_derivatives_1_2": [0.0, 0.0, 0.0, 0.0], 
            "evaluate_basis_derivatives_2_0": [-2.4985557203629258e+00], 
            "evaluate_basis_derivatives_2_1": [2.2787085020077340e+00, 1.8293856987949413e+00], 
            "evaluate_basis_derivatives_2_2": [0.0, 0.0, 0.0, 0.0], 
            "evaluate_basis_derivatives_all_0": [1.4718852622922429e+00, 2.0266705413493233e+00, -2.4985557203629258e+00], 
            "evaluate_basis_derivatives_all_1": [8.5585277568607676e-02, -2.2787085025842555e+00, -2.3642938479375970e+00, 4.4932274890774304e-01, 2.2787085020077340e+00, 1.8293856987949413e+00], 
            "evaluate_basis_derivatives_all_2": [0.0, 0.0, 0.0, 0.0, 0.0, 0.0, 0.0, 0.0, 0.0, 0.0, 0.0, 0.0], 
            "evaluate_dof_0": 3.0792300000000006e-01, 
            "evaluate_dof_1": 4.3028700000000003e-01, 
            "evaluate_dof_2": 7.7282099999999998e-01, 
            "evaluate_dofs": [3.0792300000000006e-01, 4.3028700000000003e-01, 7.7282099999999998e-01], 
            "interpolate_vertex_values": [3.0792300000000006e-01, 4.3028700000000003e-01, 7.7282099999999998e-01], 
            "num_sub_elements": 0, 
        },
        "dofmap_0": {
            "needs_mesh_entities_0": 0, 
            "needs_mesh_entities_1": 0, 
            "needs_mesh_entities_2": 1, 
            "global_dimension": 30009, 
            "local_dimension": 3, 
            "geometric_dimension": 2, 
            "num_facet_dofs": 0, 
            "num_entity_dofs_0": 0, 
            "num_entity_dofs_1": 0, 
            "num_entity_dofs_2": 3, 
            "tabulate_dofs": [0, 1, 2], 
            "tabulate_facet_dofs_0": [], 
            "tabulate_facet_dofs_1": [], 
            "tabulate_facet_dofs_2": [], 
            "tabulate_entity_dofs_0_0": [], 
            "tabulate_entity_dofs_0_1": [], 
            "tabulate_entity_dofs_0_2": [], 
            "tabulate_entity_dofs_1_0": [], 
            "tabulate_entity_dofs_1_1": [], 
            "tabulate_entity_dofs_1_2": [], 
            "tabulate_entity_dofs_2_0": [0, 1, 2], 
            "tabulate_coordinates_0": [9.0300000000000002e-01, 3.4100000000000003e-01], 
            "tabulate_coordinates_1": [5.6100000000000005e-01, 7.6700000000000002e-01], 
            "tabulate_coordinates_2": [9.8699999999999999e-01, 7.8300000000000003e-01], 
            "num_sub_dofmaps": 0, 
        },
        "dofmap_1": {
            "needs_mesh_entities_0": 0, 
            "needs_mesh_entities_1": 0, 
            "needs_mesh_entities_2": 1, 
            "global_dimension": 30009, 
            "local_dimension": 3, 
            "geometric_dimension": 2, 
            "num_facet_dofs": 0, 
            "num_entity_dofs_0": 0, 
            "num_entity_dofs_1": 0, 
            "num_entity_dofs_2": 3, 
            "tabulate_dofs": [0, 1, 2], 
            "tabulate_facet_dofs_0": [], 
            "tabulate_facet_dofs_1": [], 
            "tabulate_facet_dofs_2": [], 
            "tabulate_entity_dofs_0_0": [], 
            "tabulate_entity_dofs_0_1": [], 
            "tabulate_entity_dofs_0_2": [], 
            "tabulate_entity_dofs_1_0": [], 
            "tabulate_entity_dofs_1_1": [], 
            "tabulate_entity_dofs_1_2": [], 
            "tabulate_entity_dofs_2_0": [0, 1, 2], 
            "tabulate_coordinates_0": [9.0300000000000002e-01, 3.4100000000000003e-01], 
            "tabulate_coordinates_1": [5.6100000000000005e-01, 7.6700000000000002e-01], 
            "tabulate_coordinates_2": [9.8699999999999999e-01, 7.8300000000000003e-01], 
            "num_sub_dofmaps": 0, 
        },
        "default_cell_integral": 1, 
        "cell_integral": {
            "tabulate_tensor": [-8.5747908509318127e-02, -3.1214027430087540e-02, 1.1696193593940565e-01], 
        },
        "default_exterior_facet_integral": 0, 
        "default_interior_facet_integral": 1, 
        "interior_facet_integral": {
            "tabulate_tensor_0_0": [1.9553225803383537e-01, 7.1177820798647942e-02, -2.6671007883248332e-01, 1.9553225803383537e-01, 7.1177820798647942e-02, -2.6671007883248332e-01], 
            "tabulate_tensor_0_1": [1.9553225803383537e-01, 7.1177820798647942e-02, -2.6671007883248332e-01, 1.9553225803383537e-01, 7.1177820798647942e-02, -2.6671007883248332e-01], 
            "tabulate_tensor_0_2": [1.9553225803383537e-01, 7.1177820798647942e-02, -2.6671007883248332e-01, 1.9553225803383537e-01, 7.1177820798647942e-02, -2.6671007883248332e-01], 
            "tabulate_tensor_1_0": [2.0636185484700970e-01, 7.5120019947988975e-02, -2.8148187479499870e-01, 2.0636185484700970e-01, 7.5120019947988975e-02, -2.8148187479499870e-01], 
            "tabulate_tensor_1_1": [2.0636185484700970e-01, 7.5120019947988975e-02, -2.8148187479499870e-01, 2.0636185484700970e-01, 7.5120019947988975e-02, -2.8148187479499870e-01], 
            "tabulate_tensor_1_2": [2.0636185484700970e-01, 7.5120019947988975e-02, -2.8148187479499870e-01, 2.0636185484700970e-01, 7.5120019947988975e-02, -2.8148187479499870e-01], 
            "tabulate_tensor_2_0": [2.5057124347045501e-01, 9.1213159630919666e-02, -3.4178440310137470e-01, 2.5057124347045501e-01, 9.1213159630919666e-02, -3.4178440310137470e-01], 
            "tabulate_tensor_2_1": [2.5057124347045501e-01, 9.1213159630919666e-02, -3.4178440310137470e-01, 2.5057124347045501e-01, 9.1213159630919666e-02, -3.4178440310137470e-01], 
            "tabulate_tensor_2_2": [2.5057124347045501e-01, 9.1213159630919666e-02, -3.4178440310137470e-01, 2.5057124347045501e-01, 9.1213159630919666e-02, -3.4178440310137470e-01], 
        },
        "default_point_integral": 0, 
    },
}
